0.950276
0.872222
0.966667
0.956044
0.904255
0.443769
0.961326
0.889503
0.264120
0.988950
0.955801
0.910053
0.872222
0.872222
0.955801
0.988950
0.891892
0.972376
0.988950
0.872222
0.972376
0.872222
0.983425
0.142857
0.955801
0.872222
0.978022
0.872222
0.889503
0.988950
0.966667
0.928571
0.125526
0.955801
0.934066
0.513661
0.894444
0.955801
0.872928
0.939227
0.438953
0.933702
0.966851
0.988950
0.894180
0.988950
0.917127
0.861878
0.872222
0.955801
0.847826
0.923497
0.939227
0.894444
0.945355
0.961326
0.983425
0.988950
0.860215
0.955801
0.837838
0.209112
0.843243
0.500000
0.950549
0.988950
0.405556
0.966851
0.908602
0.889503
0.977901
0.757709
0.961326
0.966667
0.950549
0.205984
0.872222
0.872222
0.966851
0.875000
0.923077
0.566802
0.889503
0.872222
0.934066
0.988950
0.945652
0.870270
0.988950
0.872222
0.988950
0.988950
0.955801
0.988950
0.872222
0.983516
0.966667
0.872222
0.872222
0.950549
0.955801
0.122771
0.872222
0.889503
0.961326
0.872222
0.945055
0.928571
0.872222
0.939227
0.939227
0.872222
0.917582
0.858639
0.978022
0.961111
0.988950
0.872222
0.930108
0.427027
0.215783
0.950549
0.988950
0.872222
0.824742
0.555556
0.180444
0.961326
0.916667
0.961326
0.872222
0.972376
0.961326
0.950276
0.872222
0.988950
0.872222
0.955801
0.904255
0.887701
0.900552
0.889503
0.950276
0.988950
0.861878
0.983425
0.955801
0.872222
0.955801
0.851064
0.391626
0.972376
0.966851
0.419355
0.972376
0.482270
0.928571
0.370370
0.880435
0.868132
0.972527
0.983425
0.519824
0.972376
0.988950
0.916667
0.988950
0.978022
0.966667
0.988950
0.872222
0.988950
0.884615
0.872222
0.988950
0.872222
0.898396
0.872222
0.872222
0.988950
0.944444
0.866667
0.944444
0.492958
0.955801
0.955801
0.833333
0.468900
0.093181
0.918033
0.988950
0.872222
0.895028
0.492126
0.895028
0.861878
0.955801
0.961326
0.933702
0.861878
0.955801
0.872222
0.988950
0.988950
0.861878
0.872222
0.933702
0.465517
0.491453
0.955801
0.928177
0.928177
0.755556
0.972376
0.983425
0.872222
0.872222
0.861878
0.922652
0.883978
0.303972
0.928177
0.156605
0.939227
0.911602
0.955801
0.906593
0.944444
0.939560
0.988950
0.972376
0.961749
0.972376
0.955801
0.872222
0.917127
0.889503
0.983425
0.955801
0.210588
0.878453
0.988950
0.972527
0.860104
0.933702
0.888889
0.944444
0.872222
0.977901
0.854839
0.955801
0.353261
0.955801
0.872222
0.116993
0.816327
0.939227
0.955801
0.988950
0.484018
0.961326
0.879121
0.988950
0.872222
0.872222
0.988950
0.961326
0.338542
0.988950
0.988950
0.928962
0.955801
0.862637
0.410667
0.988950
0.988950
0.872222
0.988950
0.889503
0.988950
0.816216
0.988950
0.983425
0.972376
0.988950
0.933702
0.983425
0.955801
0.872222
0.988950
0.516667
0.849462
0.944444
0.955801
0.872222
0.889503
0.156605
0.872222
0.872222
0.988950
0.824176
0.988950
0.872222
0.917127
0.872222
0.966667
0.988950
0.908602
0.861878
0.945055
0.945055
0.988950
0.988950
0.271233
0.494208
0.988950
0.939227
0.988950
0.955801
0.872222
0.872222
0.944751
0.988950
0.879121
0.955801
0.988950
0.238558
0.173149
0.988950
0.955801
0.944444
0.928177
0.872222
0.872222
0.961326
0.955801
0.988950
0.879121
0.945652
0.872222
0.950276
0.939227
0.988950
0.988950
0.983425
0.945055
0.966851
0.978022
0.988950
0.966851
0.404762
0.872222
0.955801
0.938889
0.967033
0.988950
0.983425
0.928177
0.850829
0.395760
0.988950
0.861878
0.872222
0.488281
0.944751
0.961326
0.945055
0.862637
0.961326
0.955801
0.955801
0.966667
0.872222
0.872222
0.934783
0.961326
0.944751
0.983425
0.872222
0.983425
0.966851
0.955801
0.872222
0.872222
0.861878
0.955801
0.872222
0.861878
0.955801
0.988950
0.872222
0.983425
0.988950
0.988950
0.955801
0.872222
0.966851
0.385027
0.755656
0.376652
0.923913
0.961326
0.988950
0.389016
0.988950
0.988950
0.913978
0.955801
0.188701
0.872222
0.872222
0.894444
0.988950
0.872222
0.988950
0.983425
0.988950
0.911111
0.872222
0.569378
0.414894
0.934066
0.591160
0.955801
0.861878
0.923077
0.983425
0.861878
0.917582
0.440443
0.939227
0.988950
0.851648
0.955801
0.041342
0.237333
0.944444
0.983425
0.900552
0.872222
0.488889
0.988950
0.917127
0.917127
0.220988
0.988950
0.939227
0.938889
0.311111
0.887701
0.988950
0.944751
0.961749
0.988950
0.955801
0.913978
0.933702
0.872222
0.988950
0.853403
0.978022
0.972376
0.909091
0.144355
0.988950
0.933702
0.912088
0.872222
0.872222
0.872222
0.955801
0.950549
0.908602
0.917127
0.988950
0.872222
0.811828
0.978022
0.923077
0.955801
0.988950
0.872222
0.880435
0.872222
0.928177
0.872222
0.983425
0.851648
0.413223
0.897297
0.961326
0.872222
0.431138
0.872222
0.861878
0.955801
0.426230
0.866667
0.961326
0.955801
0.400000
0.950549
0.862637
0.460481
0.988950
0.901639
0.972376
0.872222
0.917127
0.923077
0.453184
0.961326
0.983425
0.933702
0.889503
0.872222
0.866667
0.911602
0.894180
0.955801
0.966667
0.972376
0.912088
0.950276
0.966667
0.966667
0.961326
0.861878
0.872222
0.215923
0.983425
0.881081
0.872222
0.283333
0.944751
0.983425
0.268882
0.961749
0.872222
0.872222
0.889503
0.934426
0.939227
0.872222
0.100154
0.967391
0.988950
0.851648
0.366738
0.376940
0.939227
0.872222
0.872222
0.872222
0.988950
0.872222
0.872222
0.889503
0.967033
0.872222
0.972527
0.944751
0.206697
0.836735
0.988950
0.906077
0.951087
0.961326
0.972376
0.712551
0.861878
0.112649
0.131507
0.966851
0.879121
0.945055
0.911111
0.961326
0.542222
0.578947
0.988950
0.945055
0.235450
0.872222
0.939560
0.955801
0.861878
0.940860
0.375276
0.972376
0.854839
0.961326
0.872222
0.988950
0.945055
0.448598
0.872222
0.577586
0.988950
0.861878
0.961326
0.872928
0.278922
0.484252
0.933702
0.988950
0.988950
0.918033
0.967213
0.955801
0.988950
0.861878
0.978022
0.873626
0.950820
0.928571
0.988950
0.328228
0.955801
0.213095
0.314126
0.955801
0.872222
0.872222
0.872222
0.506122
0.889503
0.933702
0.872222
0.988950
0.966851
0.911602
0.950276
0.988950
0.966667
0.872222
0.928177
0.872222
0.983425
0.988950
0.988950
0.944444
0.939227
0.923497
0.883978
0.955801
0.320225
0.889503
0.955801
0.944444
0.709677
0.861878
0.383529
0.861878
0.861878
0.955801
0.988950
0.961749
0.967033
0.961326
0.988950
0.872222
0.933702
0.922652
0.872222
0.861878
0.501961
0.568889
0.872222
0.988950
0.961326
0.872222
0.192473
0.861878
0.406736
0.177066
0.928177
0.141951
0.682927
0.887755
0.912568
0.928571
0.988950
0.928177
0.872222
0.939227
0.966851
0.205747
0.872222
0.988950
0.961326
0.939227
0.983425
0.894444
0.872222
0.961749
0.893617
0.889503
0.955801
0.872222
0.850000
0.972826
0.476190
0.950276
0.801075
0.884211
0.874346
0.923077
0.988950
0.917582
0.972376
0.966667
0.913514
0.872222
0.988950
0.972376
0.961538
0.872222
0.950000
0.889503
0.972376
0.950276
0.944444
0.961538
0.944444
0.872222
0.861878
0.939560
0.972527
0.872222
0.903226
0.955801
0.872222
0.872222
0.872222
0.955801
0.861878
0.872222
0.983425
0.961326
0.872222
0.928177
0.861878
0.961326
0.865000
0.928177
0.988950
0.988950
0.798969
0.978022
0.988950
0.834225
0.988950
0.917127
0.972376
0.167290
0.988950
0.955801
0.988950
0.967213
0.189218
0.950549
0.939227
0.955801
0.928177
0.872222
0.983425
0.950276
0.872222
0.988950
0.872222
0.983333
0.966851
0.983425
0.866667
0.553763
0.917127
0.886486
0.972376
0.933333
0.872222
0.872222
0.855556
0.983425
0.866667
0.988950
0.819149
0.866667
0.933702
0.972376
0.861878
0.872222
0.903226
0.872222
0.928177
0.939227
0.961326
0.917127
0.988950
0.872222
0.988950
0.872222
0.889503
0.872222
0.872222
0.901099
0.988950
0.988950
0.872222
0.872222
0.955801
0.955801
0.966851
0.961326
0.850000
0.928571
0.988950
0.972527
0.488000
0.092327
0.940541
0.961326
0.988950
0.345833
0.517647
0.939227
0.955801
0.872222
0.300000
0.988950
0.945055
0.872222
0.939227
0.955801
0.939560
0.928177
0.955801
0.922222
0.972376
0.934426
0.872222
0.866337
0.900552
0.934066
0.917127
0.950276
0.116667
0.988950
0.988950
0.351415
0.872222
0.936170
0.518219
0.928177
0.988950
0.988950
0.872222
0.961326
0.894444
0.988950
0.872222
0.436031
0.851064
0.157293
0.939227
0.988950
0.917127
0.859459
0.928177
0.489083
0.988950
0.983425
0.956522
0.872222
0.896175
0.961538
0.872222
0.939227
0.900552
0.922652
0.939227
0.961326
0.923077
0.364583
0.872222
0.446309
0.988950
0.988950
0.966667
0.685083
0.933702
0.495763
0.988950
0.939227
0.988950
0.983425
0.872222
0.951087
0.988950
0.872222
0.861878
0.961326
0.405941
0.872222
0.872222
0.917127
0.132396
0.872222
0.883978
0.961326
0.889503
0.988950
0.939227
0.137904
0.922652
0.955801
0.872222
0.901099
0.955801
0.939891
0.933702
0.988950
0.956044
0.872222
0.988950
0.988950
0.955801
0.955801
0.983425
0.138224
0.988950
0.872222
0.938889
0.988950
0.872222
0.955801
0.889503
0.988950
0.214371
0.872222
0.900552
0.950276
0.474576
0.988950
0.872222
0.950549
0.988950
0.972376
0.885246
0.872222
0.955801
0.983425
0.905263
0.848649
0.966851
0.978022
0.872222
0.872222
0.972376
0.988950
0.988950
0.961326
0.836957
0.961538
0.972826
0.872222
0.988950
0.872222
0.851648
0.872222
0.866667
0.966851
0.092746
0.324435
0.988950
0.988950
0.966851
0.872222
0.988950
0.861878
0.872222
0.861878
0.939227
0.983425
0.872222
0.923913
0.872222
0.913978
0.988950
0.872222
0.534392
0.886486
0.966667
0.983425
0.780105
0.956044
0.862637
0.988950
0.922652
0.872222
0.983425
0.988950
0.861878
0.872222
0.642857
0.378917
0.988950
0.872222
0.872222
0.961326
0.944444
0.395722
0.934426
0.962162
0.978022
0.988950
0.966851
0.928177
0.961326
0.955801
0.872222
0.955801
0.988950
0.407609
0.356828
0.856354
0.750000
0.398936
0.917582
0.983425
0.988950
0.988950
0.883598
0.955801
0.872222
0.966667
0.917127
0.988950
0.388489
0.922652
0.872222
0.961326
0.872222
0.922652
0.338403
0.872222
0.951351
0.872222
0.944444
0.983425
0.871658
0.917127
0.934426
0.955801
0.873016
0.939227
0.927778
0.988950
0.879781
0.857143
0.972527
0.939227
0.097548
0.950000
0.889503
0.856354
0.988950
0.988950
0.988950
0.961326
0.917127
0.846995
0.364341
0.966667
0.945055
0.988950
0.944751
0.340426
0.955801
0.861878
0.983425
0.872222
0.872222
0.918033
0.872222
0.955801
0.955801
0.861878
0.955801
0.907609
0.151824
0.444118
0.861878
0.966667
0.889503
0.872222
0.945055
0.911602
0.939227
0.328032
0.878453
0.988950
0.988950
0.955801
0.972376
0.872222
0.895028
0.928571
0.890110
0.955801
0.955801
0.955801
0.872222
0.988950
0.917582
0.988950
0.883978
0.900552
0.983425
0.317308
0.879581
0.889503
0.988950
0.950549
0.988950
0.313187
0.966851
0.149916
0.858639
0.945055
0.774336
0.944444
0.966667
0.918478
0.966667
0.872222
0.961326
0.966851
0.561475
0.988950
0.945055
0.492481
0.882979
0.861878
0.085675
0.872222
0.988950
0.966667
0.889503
0.873626
0.972527
0.872222
0.988950
0.955801
0.956757
0.950276
0.966851
0.955801
0.872222
0.872222
0.851648
0.836066
0.928177
0.486056
0.872222
0.988950
0.259045
0.846154
0.955801
0.983425
0.305556
0.866667
0.894444
0.988950
0.872222
0.440000
0.955801
0.944444
0.872222
0.988950
0.872222
0.872222
0.349462
0.928177
0.928177
0.905263
0.340426
0.817680
0.845304
0.866667
0.978022
0.983425
0.966667
0.872222
0.872222
0.392435
0.872222
0.983425
0.939227
0.913514
0.988950
0.866667
0.939560
0.955801
0.961326
0.988950
0.223750
0.955801
0.988950
0.961326
0.961326
0.966851
0.883978
0.866667
0.534050
0.978022
0.955801
0.342246
0.230968
0.912088
0.961326
0.597884
0.917127
0.550000
0.955801
0.872222
0.928177
0.988950
0.314917
0.966851
0.468750
0.872222
0.983425
0.983425
0.988950
0.882979
0.955801
0.883978
0.988950
0.872222
0.490566
0.939227
0.854167
0.961326
0.988950
0.966851
0.861878
0.424581
0.872222
0.889503
0.988950
0.977901
0.259005
0.872222
0.872222
0.983425
0.944444
0.872222
0.939227
0.911111
0.883978
0.866667
0.440922
0.978022
0.872222
0.955801
0.955801
0.988950
0.983425
0.988950
0.872222
0.883978
0.988950
0.888889
0.988950
0.988950
0.864583
0.961538
0.906593
0.983425
0.955801
0.961326
0.988950
0.977901
0.262463
0.872222
0.988950
0.906593
0.988950
0.240591
0.972376
0.872222
0.456311
0.988950
0.872222
0.961538
0.955801
0.872222
0.872222
0.872222
0.872222
0.169991
0.988950
0.978022
0.917127
0.382488
0.950549
0.912088
0.988950
0.939227
0.950276
0.928571
0.961111
0.988950
0.872222
0.966851
0.988950
0.988950
0.861878
0.333333
0.872222
0.929348
0.851648
0.102052
0.944444
0.907104
0.872222
0.955801
0.883978
0.872222
0.872222
0.340426
0.861878
0.983425
0.988950
0.950276
0.928177
0.955801
0.988950
0.955801
0.928177
0.972527
0.972376
0.955801
0.945355
0.988950
0.972376
0.983425
0.532995
0.737705
0.988950
0.900552
0.988950
0.872222
0.939227
0.214115
0.988950
0.961326
0.983425
0.988950
0.351064
0.950276
0.911602
0.972376
0.988950
0.319030
0.861878
0.983425
0.966851
0.872222
0.988950
0.988950
0.485597
0.861878
0.872222
0.912568
0.988950
0.933702
0.928571
0.928177
0.908602
0.955801
0.961111
0.966851
0.966667
0.966851
0.310044
0.859375
0.872222
0.894444
0.983425
0.947090
0.978022
0.861878
0.861878
0.988950
0.891304
0.872222
0.152211
0.861878
0.872222
0.341121
0.872222
0.652582
0.889503
0.988950
0.955801
0.889503
0.494297
0.414179
0.851648
0.092271
0.966851
0.928571
0.988950
0.955801
0.872222
0.928177
0.966851
0.934783
0.950276
0.691892
0.966667
0.966851
0.218027
0.872222
0.988950
0.889503
0.988950
0.837838
0.950276
0.911602
0.928177
0.872222
0.966667
0.988950
0.562842
0.983425
0.861878
0.988950
0.889503
0.955801
0.955801
0.955801
0.380665
0.944444
0.944751
0.955801
0.928177
0.945055
0.988950
0.854839
0.956044
0.368182
0.861878
0.988950
0.939227
0.872222
0.955801
0.955801
0.988950
0.917127
0.889503
0.850829
0.988950
0.988950
0.966667
0.983425
0.915344
0.872222
0.872222
0.988950
0.816038
0.889503
0.889503
0.983425
0.929348
0.895028
0.923913
0.872222
0.930851
0.895028
0.988950
0.872222
0.355102
0.988950
0.872222
0.955801
0.988950
0.955801
0.966667
0.988950
0.895028
0.887097
0.950549
0.906593
0.889503
0.983425
0.471545
0.851648
0.463259
0.889503
0.184156
0.988950
0.872222
0.977901
0.944444
0.870270
0.988950
0.983425
0.934426
0.879121
0.889503
0.950276
0.872222
0.988950
0.955801
0.879121
0.872222
0.934426
0.966851
0.939227
0.988950
0.988950
0.961111
0.939227
0.836957
0.872222
0.862637
0.955801
0.408000
0.239625
0.966851
0.939227
0.988950
0.897297
0.097177
0.872222
0.509025
0.988950
0.811518
0.988950
0.889503
0.928571
0.329650
0.889503
0.300527
0.889503
0.939560
0.961326
0.829016
0.955801
0.081327
0.857143
0.872222
0.837696
0.983425
0.988950
0.939560
0.988950
0.944444
0.955801
0.872222
0.988950
0.988950
0.861878
0.988950
0.872222
0.978022
0.966851
0.967568
0.988950
0.284127
0.961326
0.894444
0.988950
0.466942
0.290090
0.911602
0.825137
0.950549
0.861878
0.944444
0.872222
0.961326
0.983425
0.988950
0.988950
0.988950
0.464151
0.988950
0.801047
0.872222
0.988950
0.950276
0.950549
0.955801
0.939227
0.951087
0.945355
0.873626
0.955801
0.955801
0.872222
0.933702
0.988950
0.476415
0.922222
0.938889
0.917127
0.966667
0.908602
0.988950
0.988950
0.872222
0.872222
0.878788
0.972376
0.955801
0.837838
0.988950
0.872222
0.872222
0.951087
0.872222
0.923077
0.872222
0.983425
0.966851
0.955801
0.988950
0.872222
0.988950
0.950276
0.966851
0.972376
0.988950
0.866667
0.955801
0.972376
0.988950
0.961326
0.950549
0.972376
0.872222
0.967213
0.872222
0.806283
0.966851
0.866667
0.955801
0.238506
0.901099
0.320965
0.955801
0.988950
0.972376
0.934426
0.906593
0.894444
0.988950
0.923077
0.928177
0.961326
0.983425
0.955801
0.872222
0.988950
0.872222
0.917127
0.950276
0.872222
0.861878
0.922652
0.902703
0.889503
0.945355
0.917127
0.861878
0.872222
0.861878
0.541850
0.988950
0.955801
0.306759
0.955801
0.988950
0.955801
0.848485
0.504202
0.988950
0.966667
0.849462
0.955801
0.945652
0.889503
0.977901
0.950276
0.874317
0.966851
0.988950
0.961749
0.950549
0.988950
0.961326
0.988950
0.939560
0.128916
0.988950
0.939227
0.872222
0.966851
0.978022
0.939227
0.917582
0.988950
0.872222
0.955801
0.872222
0.966851
0.884211
0.494253
0.861702
0.826087
0.961326
0.930108
0.166667
0.950276
0.955801
0.872222
0.831522
0.872222
0.955801
0.347594
0.889503
0.872222
0.933702
0.872222
0.872222
0.209119
0.955801
0.548223
0.055469
0.677778
0.872222
0.966851
0.950276
0.917127
0.872222
0.917582
0.939227
0.872222
0.988950
0.945055
0.900552
0.988950
0.872222
0.199777
0.459184
0.978022
0.940860
0.988950
0.961538
0.911602
0.368812
0.972376
0.928571
0.955801
0.988950
0.433333
0.864130
0.955801
0.961326
0.861878
0.988950
0.950549
0.877005
0.988950
0.872222
0.939891
0.911602
0.955801
0.972527
0.872222
0.988950
0.955801
0.961326
0.894444
0.939227
0.939227
0.917127
0.955801
0.863388
0.872222
0.901639
0.988950
0.872222
0.944751
0.955801
0.955801
