0.728889
0.736607
0.713656
0.991111
0.937500
0.924107
0.736607
0.716814
0.706140
0.732143
0.991111
1.000000
1.000000
1.000000
0.864035
0.688034
0.728889
0.728889
1.000000
1.000000
0.991150
0.721239
0.721239
0.736607
0.933333
0.745536
0.941964
1.000000
0.713656
0.991111
0.736607
1.000000
0.736607
0.736607
0.736607
0.986726
0.991111
0.736607
0.736607
0.736607
0.736607
1.000000
0.897321
1.000000
0.728889
0.941964
0.736607
0.991071
1.000000
0.721239
0.728889
0.728889
0.721239
0.991111
0.728889
0.721239
1.000000
0.540268
0.977974
0.937778
0.982301
0.941964
0.942222
0.728889
0.982143
0.516667
0.736607
0.722467
1.000000
0.463415
0.736607
0.713656
0.492308
0.721239
0.736607
1.000000
0.941964
0.713656
1.000000
0.959821
0.736607
1.000000
0.982143
1.000000
0.736607
1.000000
0.736607
0.968750
0.736607
0.721239
0.736607
0.736607
0.736607
0.728889
0.721239
0.736607
0.968889
0.736607
0.736607
0.626923
0.492063
1.000000
0.903361
1.000000
0.941964
0.721239
1.000000
0.728889
0.728889
0.736607
0.982143
0.736607
0.822222
1.000000
0.736607
1.000000
0.857143
0.736607
0.736607
0.386667
1.000000
0.840708
0.897321
1.000000
0.721239
0.728889
0.977679
0.924107
0.839286
0.737778
1.000000
1.000000
1.000000
0.842324
0.736607
0.736607
0.736607
0.514768
0.736607
1.000000
0.736607
0.736607
0.884615
0.803571
0.888393
0.986726
0.728889
0.941964
1.000000
0.736607
0.736607
0.736607
1.000000
0.721239
0.728889
1.000000
1.000000
0.728889
0.728889
0.736607
0.736607
0.736607
0.973214
0.721239
0.736607
0.959821
0.736607
0.938326
0.736607
0.721239
0.736607
0.736607
0.736607
0.736607
0.897778
0.736607
1.000000
0.736607
0.728889
0.524000
0.736607
1.000000
0.736607
0.736607
0.736607
0.906250
0.995536
0.941964
0.721239
0.736607
0.736607
1.000000
0.718062
0.736607
0.721239
0.736607
0.977679
0.728889
0.721239
0.736607
0.888889
0.736607
0.432990
0.843750
1.000000
1.000000
1.000000
1.000000
1.000000
0.728889
0.736607
0.721239
1.000000
0.325893
0.736607
0.481728
0.721239
1.000000
0.562500
0.721239
1.000000
1.000000
0.466135
0.721239
0.721239
0.736607
0.728889
0.736607
0.475285
1.000000
0.736607
0.941964
0.470588
0.897321
0.736607
1.000000
0.551181
1.000000
0.728889
0.728889
0.736607
0.536496
0.721239
0.892857
0.721239
0.736607
0.924107
0.941964
0.832599
1.000000
0.867841
0.728745
0.728889
0.736607
0.736607
0.728889
0.736607
0.982143
0.736607
0.728889
0.941964
0.736607
0.991111
0.728889
0.968750
0.736607
0.736607
0.941964
0.916667
1.000000
0.928571
0.736607
0.724444
0.636719
0.736607
0.840000
0.713656
0.736607
0.995536
0.713656
0.941964
0.982143
1.000000
0.515294
0.991111
0.736607
0.721239
0.736607
0.736607
0.728889
0.964286
0.736607
0.934211
0.929515
1.000000
1.000000
0.736607
0.736607
1.000000
0.736607
0.736607
0.736607
0.803571
0.728889
0.941964
0.933333
0.959821
0.977679
0.982143
0.968750
0.851145
0.736607
1.000000
0.941964
0.736607
0.736607
1.000000
0.831897
0.736607
1.000000
1.000000
0.721239
0.977679
0.721239
1.000000
1.000000
0.736607
1.000000
0.736607
1.000000
0.721239
1.000000
0.857143
0.843750
1.000000
0.897321
0.901786
0.602837
0.955357
0.522581
1.000000
0.736607
1.000000
0.713656
1.000000
0.955556
0.915179
0.941964
0.736607
0.906250
0.736607
0.490119
0.875000
0.906250
0.098214
0.727679
0.965517
1.000000
0.982143
1.000000
0.941964
0.941964
0.736607
0.889831
0.986726
0.960000
0.713656
0.736607
0.726190
0.897321
0.901786
1.000000
0.488281
0.728889
0.880000
0.736607
1.000000
0.736607
0.982301
1.000000
0.941964
0.964286
0.736607
0.964286
0.736607
0.736607
1.000000
0.537549
0.721239
0.728889
0.941964
0.959821
0.736607
1.000000
1.000000
0.736607
0.820084
0.721239
1.000000
0.991111
0.721239
0.787611
0.366071
0.728889
1.000000
1.000000
1.000000
0.736607
0.721239
0.568266
1.000000
0.959821
0.728889
0.728889
0.713656
0.736607
0.736607
1.000000
0.839286
0.933333
1.000000
1.000000
0.924107
0.736607
0.736607
0.728889
0.736607
0.959821
0.844444
0.736607
0.728889
0.691304
0.736607
0.959821
0.728889
0.736607
0.721239
0.728889
0.718750
0.721239
0.721239
0.767544
0.950893
0.559322
1.000000
0.721239
0.728889
0.947826
0.721239
0.991150
0.700893
0.736607
0.800000
0.941964
0.728889
0.736607
0.736607
1.000000
0.736607
1.000000
0.977679
1.000000
0.398287
0.736607
1.000000
0.736607
1.000000
0.553691
0.959821
0.959821
0.736607
0.741071
0.721239
0.728889
0.728889
0.736607
0.941964
0.693333
0.736607
0.728889
0.941964
0.941964
1.000000
0.728889
0.736607
0.530075
1.000000
1.000000
0.897321
0.736607
0.848214
0.736607
1.000000
0.840708
0.964286
0.736607
0.736607
0.728889
0.915966
0.728889
0.991111
1.000000
0.728889
0.736607
1.000000
1.000000
1.000000
0.928889
1.000000
0.728889
0.736607
0.977679
0.736607
0.721239
1.000000
0.968750
0.728889
0.736607
0.721239
1.000000
0.721239
0.736607
1.000000
0.713656
0.248889
1.000000
0.736607
1.000000
0.736607
0.736607
0.728889
0.959821
0.736607
0.736607
0.700893
0.973333
0.736607
1.000000
0.924444
1.000000
0.977679
0.736607
1.000000
1.000000
0.728889
0.728889
0.736607
0.736607
0.736607
0.736607
0.736607
0.924107
0.736607
0.736607
0.728889
0.977679
0.917391
1.000000
0.568182
1.000000
0.736607
0.728889
0.220859
0.736607
0.736607
0.718750
0.736607
1.000000
0.920000
0.721239
1.000000
1.000000
0.995536
0.736607
0.803571
1.000000
1.000000
0.977974
0.723214
0.560150
0.736607
0.906250
0.728889
0.737778
0.700893
0.721239
1.000000
0.959821
0.848214
0.736607
0.721239
1.000000
1.000000
0.736607
0.736607
1.000000
0.736607
0.728889
0.941964
0.941964
0.728889
0.736607
0.728889
0.721239
0.736607
0.897321
1.000000
1.000000
1.000000
0.549107
0.472973
0.721239
0.968750
0.803571
0.941964
0.728889
0.736607
0.736607
1.000000
0.736607
1.000000
1.000000
0.728889
0.736607
0.736607
0.848214
1.000000
1.000000
0.736607
0.728889
0.924107
1.000000
1.000000
1.000000
0.941964
1.000000
1.000000
0.728889
1.000000
1.000000
0.728889
0.837838
0.397321
0.736607
0.803571
0.713656
0.736607
0.848214
0.706140
0.728889
1.000000
0.736607
0.736607
0.721239
0.736607
1.000000
1.000000
0.924107
1.000000
0.736607
0.736607
0.736607
0.728889
0.736607
0.991150
0.724444
1.000000
0.736607
0.721239
1.000000
1.000000
0.959821
0.728889
0.857143
0.920000
1.000000
0.736607
1.000000
0.736607
1.000000
1.000000
0.884120
0.721239
0.692982
0.736607
0.736607
1.000000
0.736607
0.721239
0.924107
0.736607
0.736607
0.892857
0.977679
0.728889
0.968889
1.000000
0.848214
0.736607
0.843750
0.991071
0.950893
0.736607
0.736607
0.934211
0.536765
0.968750
0.736607
0.736607
0.991111
0.725664
0.736607
0.736607
1.000000
1.000000
1.000000
0.955357
0.736607
1.000000
0.736607
0.728889
0.721239
0.736607
0.991111
0.728889
1.000000
0.959821
0.736607
0.736607
0.968750
1.000000
1.000000
1.000000
0.725664
0.897321
0.859031
1.000000
1.000000
0.728889
1.000000
0.721239
0.721239
0.711111
0.840000
0.736607
0.728889
0.906667
0.736607
0.933054
0.830357
0.736607
0.736607
0.728889
0.700893
0.728889
0.721239
0.736607
0.728889
1.000000
0.728889
0.736607
1.000000
0.728889
0.401786
0.610442
0.334821
0.736607
0.941964
0.728889
0.897321
0.736607
0.736607
1.000000
0.736607
1.000000
0.924107
1.000000
0.897321
0.480000
0.955556
0.721239
0.721239
0.964286
0.736607
0.693333
0.728889
0.736607
0.736607
0.977679
0.728889
0.736607
0.728889
0.736607
0.734513
0.924444
0.736607
0.736607
0.706667
0.728889
0.736607
0.728889
1.000000
0.736607
0.736607
0.736607
0.897321
0.736607
0.721239
1.000000
0.973214
0.736607
1.000000
1.000000
0.736607
0.973568
1.000000
0.093750
0.775330
1.000000
1.000000
1.000000
1.000000
1.000000
0.736607
0.934211
0.977679
0.843750
0.728889
0.736607
1.000000
1.000000
0.941964
1.000000
1.000000
0.736607
0.924107
0.848214
0.299107
0.924107
0.728889
0.991111
0.941964
0.713656
1.000000
0.937778
0.736607
1.000000
0.763393
0.736607
0.129464
0.736607
0.736607
0.915929
0.736607
1.000000
0.736607
1.000000
0.736607
0.736607
1.000000
1.000000
0.712389
0.855422
0.959821
1.000000
0.736607
1.000000
0.941964
1.000000
0.721239
0.721239
0.973568
0.851695
0.418972
1.000000
0.910714
0.736607
0.924107
1.000000
0.880000
0.736607
0.736607
1.000000
0.721239
0.937778
0.825893
0.736607
0.941964
0.736607
0.736607
0.728889
1.000000
0.941964
0.929204
1.000000
0.728889
0.736607
1.000000
0.907080
0.528169
0.982301
0.950893
0.736607
0.541528
1.000000
1.000000
1.000000
0.933333
0.908297
0.736607
0.915556
0.834061
1.000000
0.941964
1.000000
0.721239
0.736607
1.000000
0.721239
0.736607
0.787879
0.875000
0.728889
1.000000
1.000000
1.000000
0.924107
1.000000
1.000000
1.000000
0.736607
0.921397
0.736607
0.721239
0.951327
0.721239
0.959821
0.817164
1.000000
1.000000
0.721239
1.000000
0.736607
0.736607
0.741071
0.941964
0.941964
0.831111
0.736607
0.728889
0.787879
0.736607
0.736607
1.000000
1.000000
1.000000
0.736607
0.736607
1.000000
0.991150
1.000000
1.000000
0.736607
0.736607
0.736607
0.977679
0.991111
0.941964
1.000000
0.573427
0.736607
0.736607
1.000000
0.736607
0.713656
0.728889
0.736607
1.000000
0.736607
0.843750
0.728889
1.000000
0.736607
1.000000
0.736607
0.728889
0.721239
1.000000
0.736607
0.941964
1.000000
0.991111
0.973214
0.447699
0.728889
0.973568
0.728889
0.721239
0.736607
0.920354
0.721239
0.924107
0.956140
0.736607
0.736607
0.736607
1.000000
0.713656
0.863248
0.964286
0.561069
0.906250
0.736607
0.964286
0.736607
0.745536
0.733333
0.946667
0.728889
0.941964
0.736607
1.000000
0.736607
1.000000
1.000000
0.736607
1.000000
1.000000
0.736607
0.736607
0.736607
0.728889
1.000000
0.941964
0.968750
0.906250
0.728889
0.765217
0.736607
0.703057
0.973568
1.000000
1.000000
0.977679
0.736607
0.728889
0.609836
0.959821
0.924107
0.736607
0.728889
0.736607
1.000000
0.736607
0.396296
0.721239
1.000000
1.000000
1.000000
0.741071
0.913420
0.897321
1.000000
0.941964
0.736607
0.736607
0.713656
1.000000
0.736607
0.736607
0.825893
0.736607
1.000000
0.872807
0.736607
0.924107
1.000000
0.721239
1.000000
0.728889
0.718750
0.897321
0.831111
0.425287
0.836283
1.000000
0.728889
0.713656
0.713656
0.968750
0.736607
0.888393
0.721239
0.728889
0.728889
0.721239
0.736607
0.986726
0.819383
1.000000
0.516129
0.959821
0.736607
0.884444
0.721239
0.741071
0.897321
0.736607
0.897321
0.875000
0.736607
1.000000
1.000000
0.736607
0.736607
0.736607
0.736607
0.736607
0.736607
0.991111
0.888889
1.000000
0.711111
0.745536
0.721239
1.000000
1.000000
0.728889
0.941964
0.728889
1.000000
0.728889
0.736607
0.484848
0.924107
0.968750
1.000000
0.991111
0.714286
0.736607
0.465385
0.838428
1.000000
0.736607
0.727679
0.715556
0.736607
1.000000
0.728889
0.736607
0.736607
0.950893
1.000000
0.736607
0.924107
0.736607
0.736607
0.924107
0.728889
0.823009
0.950893
0.991071
1.000000
1.000000
0.991111
0.941964
0.855263
0.959821
0.897321
0.736607
1.000000
0.991111
0.721239
0.728889
0.964286
0.736607
0.713656
0.696429
0.831111
0.941964
1.000000
0.736607
0.942478
0.736607
0.675105
0.716814
0.861607
0.959821
0.728889
0.728889
0.736607
1.000000
0.991111
0.839286
0.697959
0.728889
0.933333
0.991150
1.000000
1.000000
0.968889
0.736607
0.736607
1.000000
0.941964
0.681416
0.728889
0.973568
0.433333
0.879310
0.941964
1.000000
0.803571
0.736607
0.725664
0.991111
0.736607
0.941964
1.000000
1.000000
0.924107
0.713656
1.000000
1.000000
0.721239
1.000000
1.000000
0.728889
0.951111
0.728889
0.721239
0.728889
0.736607
0.721239
1.000000
0.946903
0.736607
0.897321
0.721239
1.000000
0.354701
0.736607
0.492063
0.728889
0.982143
0.719149
0.728889
0.736607
0.736607
1.000000
0.736607
0.977679
0.736607
0.728889
1.000000
0.941964
0.736607
0.929204
0.959821
0.959821
0.991111
0.736607
0.941964
0.721239
0.950893
0.736607
0.736607
0.721239
0.713656
0.721239
0.941964
0.736607
1.000000
1.000000
1.000000
0.964286
0.968750
1.000000
0.728889
0.636364
0.721239
1.000000
0.721239
0.736607
0.521583
0.736607
0.941964
0.964286
0.736607
0.933333
0.911111
1.000000
0.959821
0.713656
0.736607
0.924107
0.736607
0.721239
0.736607
0.736607
0.728889
0.853333
0.991111
0.736607
0.728889
0.924107
0.736607
0.982301
0.728889
0.812500
1.000000
0.732143
0.713656
1.000000
1.000000
0.924444
0.736607
1.000000
0.736607
0.736607
1.000000
0.906250
0.736607
0.947137
1.000000
0.672489
0.924107
0.721239
0.721239
0.728889
1.000000
1.000000
0.897321
0.941964
0.721239
0.893333
1.000000
0.968889
0.941964
0.924107
0.881057
0.736607
0.728889
1.000000
0.736607
0.968750
0.982143
0.272321
0.941964
0.835556
0.950893
0.977679
0.968889
0.736607
0.736607
0.736607
1.000000
0.736607
0.700893
0.721239
1.000000
0.941964
0.736607
0.736607
0.736607
0.713656
0.706140
1.000000
1.000000
0.737778
0.713656
1.000000
0.736607
0.736607
0.691304
0.736607
0.706140
1.000000
0.736607
1.000000
0.728889
0.736607
0.888393
0.728889
0.736607
0.721239
1.000000
0.933921
0.728889
1.000000
0.736607
0.721239
0.736607
0.991111
0.736607
0.481328
0.924444
0.685841
0.964286
0.706140
1.000000
1.000000
0.429167
0.736607
1.000000
0.736607
1.000000
1.000000
0.728889
1.000000
0.736607
0.736607
1.000000
0.893333
0.728889
0.839286
0.422330
0.736607
0.921053
0.728889
0.942731
0.941964
0.723214
0.728889
0.621908
0.736607
0.421053
0.728889
0.825893
1.000000
1.000000
0.750000
0.728889
1.000000
0.720000
0.736607
1.000000
0.736607
0.959821
0.839286
0.736607
0.713656
0.728889
0.728889
0.736607
0.728889
0.941964
1.000000
0.982143
0.728889
0.486702
0.857143
0.884444
0.736607
0.986726
0.964286
0.933333
0.728889
0.956140
0.736607
0.721239
0.721239
0.736607
0.160714
0.728889
0.736607
0.736607
0.728889
0.991111
0.446203
0.721239
0.732143
0.736607
0.514925
0.736607
0.898678
0.941964
0.721239
0.906250
1.000000
0.968750
0.991111
0.897321
0.721239
0.721239
1.000000
0.728889
0.977679
1.000000
0.736607
0.736607
1.000000
0.839286
0.721239
0.732143
0.736607
0.764192
1.000000
1.000000
0.959821
0.736607
0.941964
0.746667
0.736607
0.959821
1.000000
0.803571
0.736607
0.736607
1.000000
0.959821
0.736607
0.737778
1.000000
0.721239
0.721239
0.728889
0.736607
0.986726
0.826667
1.000000
0.892857
0.728889
0.736607
0.898678
1.000000
0.736607
0.700893
0.991111
0.875000
0.736607
0.736607
0.700893
1.000000
0.753304
0.736607
0.736607
0.941964
0.924444
0.736607
0.960870
0.728889
1.000000
0.964286
0.736607
0.982222
0.973214
0.924107
0.728889
1.000000
0.728889
0.941964
1.000000
0.736607
0.713656
1.000000
0.728889
0.728889
0.941964
0.814978
0.724444
0.721239
0.728889
0.924107
1.000000
0.973568
0.736607
0.728889
0.721239
0.720000
1.000000
0.706667
0.741071
0.736607
0.736607
1.000000
0.960526
1.000000
0.736607
0.959821
1.000000
0.848214
0.728889
0.736607
0.991111
0.533808
0.839286
0.968750
1.000000
0.736607
0.872807
0.736607
0.941964
0.728889
0.736607
