0.563830
0.634409
0.547368
0.557895
0.585106
0.550459
0.594059
0.562500
0.633333
0.491228
0.542857
0.615385
0.500000
0.541667
0.641304
0.495575
0.537736
0.510417
0.523364
0.557895
0.517241
0.619565
0.531250
0.589474
0.565217
0.617021
0.659341
0.696629
0.510204
0.584158
0.500000
0.530612
0.623762
0.412500
0.585106
0.551020
0.505155
0.515464
0.525253
0.557895
0.561905
0.474227
0.494845
0.553191
0.580645
0.490196
0.480769
0.562500
0.531915
0.528846
0.552083
0.551020
0.488722
0.513761
0.589474
0.574468
0.595745
0.545455
0.634409
0.608696
0.552083
0.560748
0.520833
0.583333
0.595745
0.562500
0.524752
0.655914
0.580645
0.500000
0.536082
0.537037
0.557895
0.563830
0.488889
0.516129
0.500000
0.504673
0.594059
0.477612
0.547170
0.525773
0.546392
0.530973
0.495652
0.574468
0.552381
0.562500
0.553398
0.557895
0.500000
0.591398
0.563107
0.561224
0.522523
0.109890
0.546392
0.488550
0.461538
0.574468
0.601942
0.595745
0.553191
0.567010
0.637363
0.018618
0.574468
0.473684
0.495726
0.572917
0.551020
0.488372
0.604396
0.547170
0.474227
0.518182
0.511628
0.471154
0.612903
0.557895
0.561224
0.477778
0.541667
0.514851
0.580645
0.521368
0.542857
0.540816
0.655914
0.481203
0.516129
0.556701
0.540816
0.583333
0.576087
0.419048
0.476636
0.515464
0.435644
0.456522
0.568421
0.586538
0.511111
0.510417
0.553191
0.541667
0.562500
0.535354
0.574468
0.477778
0.606383
0.585106
0.510000
0.659341
0.577320
0.583333
0.489796
0.479167
0.500000
0.562500
0.595745
0.556701
0.448980
0.536842
0.516129
0.563830
0.500000
0.553398
0.568421
0.617021
0.602151
0.562500
0.563830
0.479592
0.517857
0.445312
0.663043
0.517544
0.585106
0.138648
0.612903
0.600000
0.490196
0.547170
0.552083
0.530000
0.531250
0.561905
0.572917
0.552083
0.569892
0.562500
0.612903
0.571429
0.500000
0.576087
0.554455
0.674157
0.569892
0.495413
