0.475000
0.462500
0.450000
0.425000
0.537500
0.562500
0.475000
0.412500
0.462500
0.625000
0.475000
0.500000
0.475000
0.450000
0.525000
0.512500
0.512500
0.400000
0.550000
0.412500
0.575000
0.437500
0.437500
0.487500
0.412500
0.425000
0.487500
0.462500
0.412500
0.462500
0.525000
0.462500
0.500000
0.800000
0.512500
0.450000
0.400000
0.437500
0.450000
0.425000
0.462500
0.400000
0.412500
0.475000
0.475000
0.475000
0.562500
0.400000
0.425000
0.437500
0.462500
0.425000
0.800000
0.475000
0.450000
0.487500
0.412500
0.600000
0.412500
0.500000
0.412500
0.537500
0.562500
0.562500
0.425000
0.425000
0.462500
0.450000
0.575000
0.487500
0.500000
0.512500
0.437500
0.387500
0.387500
0.400000
0.412500
0.625000
0.462500
0.800000
0.525000
0.437500
0.437500
0.562500
0.637500
0.450000
0.512500
0.525000
0.575000
0.625000
0.387500
0.400000
0.462500
0.475000
0.525000
0.800000
0.450000
0.800000
0.387500
0.462500
0.562500
0.450000
0.450000
0.487500
0.425000
0.875000
0.487500
0.500000
0.600000
0.550000
0.425000
0.712500
0.487500
0.537500
0.525000
0.537500
0.775000
0.450000
0.437500
0.475000
0.425000
0.437500
0.425000
0.437500
0.487500
0.600000
0.487500
0.425000
0.512500
0.800000
0.412500
0.400000
0.462500
0.487500
0.400000
0.562500
0.437500
0.425000
0.525000
0.800000
0.387500
0.512500
0.387500
0.412500
0.437500
0.412500
0.412500
0.462500
0.437500
0.462500
0.525000
0.412500
0.425000
0.475000
0.475000
0.425000
0.400000
0.425000
0.400000
0.612500
0.537500
0.462500
0.462500
0.462500
0.450000
0.425000
0.412500
0.512500
0.437500
0.425000
0.450000
0.450000
0.400000
0.387500
0.550000
0.675000
0.425000
0.562500
0.437500
0.800000
0.550000
0.450000
0.450000
0.537500
0.487500
0.412500
0.400000
0.512500
0.412500
0.587500
0.400000
0.425000
0.500000
0.412500
0.425000
0.487500
0.500000
0.425000
0.525000
0.525000
