0.40302
0.45956
0.8211
0.31317
0.36231
0.40998
0.37417
0.34167
0.74342
0.41999
0.60087
0.50678
0.37841
0.38945
0.78601
0.28706
0.32466
0.34494
0.48707
0.3828
0.37082
0.38962
0.63663
0.58694
0.56327
0.30834
0.36156
0.57242
0.33512
0.67287
0.49084
0.36095
0.39034
0.64393
0.34672
0.35423
0.35467
0.41739
0.41941
0.44491
0.66668
0.36074
0.3055
0.50476
0.62702
0.31858
0.51142
0.67885
0.58653
0.32779
0.40232
0.32343
0.51051
0.46452
0.51513
0.34307
0.74002
0.68861
0.37814
0.3214
0.49003
0.63788
0.52389
0.3614
0.31023
0.39108
0.38784
0.50504
0.54329
0.69263
0.70718
0.29296
0.37649
0.41022
0.57565
0.64987
0.31957
0.29139
0.32741
0.33941
0.67713
0.44577
0.55306
0.56404
0.30606
0.35308
0.32636
0.6742
0.48405
0.75684
0.47957
0.35917
0.70615
0.42047
0.46642
0.57499
0.32311
0.62772
0.33209
0.39702
0.48781
0.51727
0.78913
0.41206
0.34869
0.46942
0.57437
0.38152
0.31904
0.41591
0.60329
0.36442
0.67869
0.35977
0.37942
0.32116
0.35627
0.3303
0.33311
0.36237
0.63596
0.51009
0.45423
0.44484
0.6822
0.43153
0.51246
0.71754
0.37167
0.35255
0.34386
0.614
0.44151
0.34442
0.54595
0.60942
0.43901
0.40517
0.34795
0.41155
0.49093
0.49497
0.38979
0.70866
0.44794
0.35673
0.3676
0.4723
0.58979
0.59651
0.34972
0.55564
0.34873
0.36725
0.73041
0.44386
0.70173
0.32269
0.68705
0.5037
0.42394
0.44513
0.3853
0.73101
0.47282
0.33724
0.76033
0.53067
0.32085
0.64421
0.59946
0.37227
0.39049
0.62367
0.36272
0.34802
0.44719
0.6892
0.3452
0.37586
0.59515
0.48918
0.37588
0.34388
0.71812
0.74232
0.45645
0.44192
0.29406
0.51604
0.64751
0.79094
0.334
0.39237
0.68121
0.50013
0.76548
0.37576
0.32903
0.77219



